Result for x-Fit:

c_50= 0.0000000000000
c_05= 0.0000000000000
c_41= 0.0000000000000
c_14= 0.0000000000000
c_32= -0.0000000000000
c_23= 0.0000000000000
c_40= 0.0000000000000
c_04= 0.0000000000000
c_31= -0.0000000000000
c_13= 0.0000000000000
c_22= 0.0000000000000
c_30= 0.0000000000000
c_03= -0.0000000000000
c_21= -0.0000000000000
c_12= -0.0000000000000
c_20= -0.0000000000000
c_02= -0.0000000000000
c_11= -0.0000000000000
c_10= 1.0000000000000
c_01= 0.0000000000000
c_00= 0.0000000000000

Result(1) for y-Fit:
y is fitted by the original x- and y-coordinates

c_50= -0.0000000000005
c_05= 0.0000000000012
c_41= 0.0000000000037
c_14= -0.0000000000287
c_32= -0.0000000000070
c_23= -0.0000000000182
c_40= -0.0000000000007
c_04= 0.0000000000114
c_31= -0.0000000000004
c_13= 0.0000000000769
c_22= 0.0000000000387
c_30= 0.0000000000017
c_03= -0.0000000000295
c_21= -0.0000000000174
c_12= -0.0000000000707
c_20= 0.0000000000005
c_02= 0.0000000000230
c_11= 0.0000000000233
c_10= -0.0000000000015
c_01= 0.9999999999938
c_00= 0.0000000000004

Result(2) for y-Fit:
y is fitted by the new computed x-coordinates and the original y-coordinates

c_50= -0.0000000000005
c_05= 0.0000000000012
c_41= 0.0000000000037
c_14= -0.0000000000287
c_32= -0.0000000000070
c_23= -0.0000000000182
c_40= -0.0000000000007
c_04= 0.0000000000114
c_31= -0.0000000000004
c_13= 0.0000000000769
c_22= 0.0000000000387
c_30= 0.0000000000017
c_03= -0.0000000000295
c_21= -0.0000000000174
c_12= -0.0000000000707
c_20= 0.0000000000005
c_02= 0.0000000000230
c_11= 0.0000000000233
c_10= -0.0000000000015
c_01= 0.9999999999938
c_00= 0.0000000000004