Result for x-Fit:

c_50= -0.0000000002005
c_05= 0.0000000020047
c_41= -0.0000000000830
c_14= 0.0000000390033
c_32= 0.0000000000291
c_23= 0.0000000000468
c_40= 0.0000000005670
c_04= 0.0000000026654
c_31= 0.0000000001426
c_13= 0.0000000137326
c_22= -0.0000000001165
c_30= -0.0000000005721
c_03= 0.0000000044136
c_21= -0.0000000000400
c_12= 0.0000000311277
c_20= 0.0000000002405
c_02= 0.0000000314586
c_11= 0.0786771048639
c_10= 0.8313229054906
c_01= -0.0393384661806
c_00= 0.0416301636785

Result(1) for y-Fit:
y is fitted by the original x- and y-coordinates

c_50= 0.0000000000000
c_05= 0.0000000000000
c_41= 0.0000000000000
c_14= 0.0000000000000
c_32= -0.0000000000000
c_23= 0.0000000000000
c_40= 0.0000000000000
c_04= 0.0000000000000
c_31= -0.0000000000000
c_13= 0.0000000000000
c_22= 0.0000000000000
c_30= 0.0000000000000
c_03= -0.0000000000000
c_21= -0.0000000000000
c_12= -0.0000000000000
c_20= -0.0000000000000
c_02= -0.0000000000000
c_11= -0.0000000000000
c_10= 0.0000000000000
c_01= 1.0000000000000
c_00= 0.0000000000000

Result(2) for y-Fit:
y is fitted by the new computed x-coordinates and the original y-coordinates

c_50= 0.0000000000009
c_05= -0.0000000000017
c_41= 0.0000000000159
c_14= -0.0000000000005
c_32= 0.0000000000064
c_23= -0.0000000000045
c_40= -0.0000000000111
c_04= 0.0000000000046
c_31= -0.0000000000361
c_13= 0.0000000000050
c_22= -0.0000000000023
c_30= 0.0000000000195
c_03= -0.0000000000050
c_21= 0.0000000000246
c_12= -0.0000000000030
c_20= -0.0000000000121
c_02= 0.0000000000024
c_11= -0.0000000000050
c_10= 0.0000000000027
c_01= 0.9999999999999
c_00= -0.0000000000001