Result for x-Fit:

ax_30=-0.00000000 
ax_20=0.00000000 
ax_10=1.00000000 
ax_03=-0.00000000 
ax_02=-0.00000000 
ax_01=0.00000000 
ax_21=-0.00000000 
ax_12=0.00000000 
ax_11=-0.00000000 
ax_00=0.00000000 

Result(1) for y-Fit:
y is fitted by the original x- and y-coordinates

ay_30=0.00000000 
ay_20=0.00000000 
ay_10=-0.00000000 
ay_03=-0.00000000 
ay_02=0.00000000 
ay_01=1.00000000 
ay_21=0.00000000 
ay_12=0.00000000 
ay_11=-0.00000000 
ay_00=-0.00000000 

Result(2) for y-Fit:
y is fitted by the new computed x-coordinates and the original y-coordinates

ay_30=-0.00000000 
ay_20=-0.00000000 
ay_10=0.00000000 
ay_03=-0.00000000 
ay_02=-0.00000000 
ay_01=1.00000000 
ay_21=0.00000000 
ay_12=0.00000000 
ay_11=-0.00000000 
ay_00=-0.00000000 